%YAML:1.0
---
camera_matrix: !!opencv-matrix
   rows: 3
   cols: 3
   dt: d
   data: [ 1.0379525689573900e+03, 0., 5.7863272657681784e+02, 0.,
       1.0371782449996263e+03, 3.0535070841021763e+02, 0., 0., 1. ]
dist_coeff: !!opencv-matrix
   rows: 1
   cols: 5
   dt: d
   data: [ 6.6527264417482870e-02, -2.1542310418262686e-01,
       -1.7239602460113877e-02, 9.9598217217314305e-03,
       1.7376170702651300e-01 ]
